{
 "cells": [
  {
   "cell_type": "markdown",
   "metadata": {},
   "source": [
    "Equipo: 8  \n",
    "Grupo: 002 , Clase: Miércoles 6pm-9pm  \n",
    "Integrantes:   \n",
    "1723152, Javier Eduardo Salazar Segura.  \n",
    "1806169, Víctor Hugo Cantú Chávez.  \n",
    "1735532, Damián Atilano Martínez Alvarado.  \n",
    "# Práctica de Visualización de Datos\n",
    "# Visualización Base de datos principal\n",
    "Base de datos: International football results https://www.kaggle.com/martj42/international-football-results-from-1872-to-2017"
   ]
  },
  {
   "cell_type": "code",
   "execution_count": 52,
   "metadata": {},
   "outputs": [
    {
     "data": {
      "text/html": [
       "<div>\n",
       "<style scoped>\n",
       "    .dataframe tbody tr th:only-of-type {\n",
       "        vertical-align: middle;\n",
       "    }\n",
       "\n",
       "    .dataframe tbody tr th {\n",
       "        vertical-align: top;\n",
       "    }\n",
       "\n",
       "    .dataframe thead th {\n",
       "        text-align: right;\n",
       "    }\n",
       "</style>\n",
       "<table border=\"1\" class=\"dataframe\">\n",
       "  <thead>\n",
       "    <tr style=\"text-align: right;\">\n",
       "      <th></th>\n",
       "      <th>date</th>\n",
       "      <th>local</th>\n",
       "      <th>visita</th>\n",
       "      <th>gol_home</th>\n",
       "      <th>gol_away</th>\n",
       "      <th>torneo</th>\n",
       "      <th>city</th>\n",
       "      <th>pais</th>\n",
       "      <th>neutral</th>\n",
       "      <th>df</th>\n",
       "      <th>vic</th>\n",
       "      <th>gana</th>\n",
       "      <th>pierde</th>\n",
       "      <th>empata</th>\n",
       "    </tr>\n",
       "  </thead>\n",
       "  <tbody>\n",
       "    <tr>\n",
       "      <th>0</th>\n",
       "      <td>9/12/1923</td>\n",
       "      <td>Mexico</td>\n",
       "      <td>Guatemala</td>\n",
       "      <td>2</td>\n",
       "      <td>1</td>\n",
       "      <td>Friendly</td>\n",
       "      <td>Mexico City</td>\n",
       "      <td>Mexico</td>\n",
       "      <td>FALSO</td>\n",
       "      <td>1</td>\n",
       "      <td>1</td>\n",
       "      <td>1</td>\n",
       "      <td>0</td>\n",
       "      <td>0</td>\n",
       "    </tr>\n",
       "    <tr>\n",
       "      <th>1</th>\n",
       "      <td>12/12/1923</td>\n",
       "      <td>Mexico</td>\n",
       "      <td>Guatemala</td>\n",
       "      <td>2</td>\n",
       "      <td>0</td>\n",
       "      <td>Friendly</td>\n",
       "      <td>Mexico City</td>\n",
       "      <td>Mexico</td>\n",
       "      <td>FALSO</td>\n",
       "      <td>2</td>\n",
       "      <td>1</td>\n",
       "      <td>1</td>\n",
       "      <td>0</td>\n",
       "      <td>0</td>\n",
       "    </tr>\n",
       "    <tr>\n",
       "      <th>2</th>\n",
       "      <td>16/12/1923</td>\n",
       "      <td>Mexico</td>\n",
       "      <td>Guatemala</td>\n",
       "      <td>3</td>\n",
       "      <td>3</td>\n",
       "      <td>Friendly</td>\n",
       "      <td>Mexico City</td>\n",
       "      <td>Mexico</td>\n",
       "      <td>FALSO</td>\n",
       "      <td>0</td>\n",
       "      <td>3</td>\n",
       "      <td>0</td>\n",
       "      <td>0</td>\n",
       "      <td>1</td>\n",
       "    </tr>\n",
       "    <tr>\n",
       "      <th>3</th>\n",
       "      <td>4/3/1934</td>\n",
       "      <td>Mexico</td>\n",
       "      <td>Cuba</td>\n",
       "      <td>3</td>\n",
       "      <td>2</td>\n",
       "      <td>FIFA World Cup qualification</td>\n",
       "      <td>Mexico City</td>\n",
       "      <td>Mexico</td>\n",
       "      <td>FALSO</td>\n",
       "      <td>1</td>\n",
       "      <td>1</td>\n",
       "      <td>1</td>\n",
       "      <td>0</td>\n",
       "      <td>0</td>\n",
       "    </tr>\n",
       "    <tr>\n",
       "      <th>4</th>\n",
       "      <td>11/3/1934</td>\n",
       "      <td>Mexico</td>\n",
       "      <td>Cuba</td>\n",
       "      <td>5</td>\n",
       "      <td>0</td>\n",
       "      <td>FIFA World Cup qualification</td>\n",
       "      <td>Mexico City</td>\n",
       "      <td>Mexico</td>\n",
       "      <td>FALSO</td>\n",
       "      <td>5</td>\n",
       "      <td>1</td>\n",
       "      <td>1</td>\n",
       "      <td>0</td>\n",
       "      <td>0</td>\n",
       "    </tr>\n",
       "  </tbody>\n",
       "</table>\n",
       "</div>"
      ],
      "text/plain": [
       "         date   local     visita  gol_home  gol_away  \\\n",
       "0   9/12/1923  Mexico  Guatemala         2         1   \n",
       "1  12/12/1923  Mexico  Guatemala         2         0   \n",
       "2  16/12/1923  Mexico  Guatemala         3         3   \n",
       "3    4/3/1934  Mexico       Cuba         3         2   \n",
       "4   11/3/1934  Mexico       Cuba         5         0   \n",
       "\n",
       "                         torneo         city    pais neutral  df  vic  gana  \\\n",
       "0                      Friendly  Mexico City  Mexico   FALSO   1    1     1   \n",
       "1                      Friendly  Mexico City  Mexico   FALSO   2    1     1   \n",
       "2                      Friendly  Mexico City  Mexico   FALSO   0    3     0   \n",
       "3  FIFA World Cup qualification  Mexico City  Mexico   FALSO   1    1     1   \n",
       "4  FIFA World Cup qualification  Mexico City  Mexico   FALSO   5    1     1   \n",
       "\n",
       "   pierde  empata  \n",
       "0       0       0  \n",
       "1       0       0  \n",
       "2       0       1  \n",
       "3       0       0  \n",
       "4       0       0  "
      ]
     },
     "execution_count": 52,
     "metadata": {},
     "output_type": "execute_result"
    }
   ],
   "source": [
    "import pandas as pd\n",
    "import numpy as np\n",
    "mx=pd.read_csv(\"Solo_Mex.csv\")\n",
    "mxar=pd.read_csv(\"Solo_MexAR.csv\")\n",
    "mxbr=pd.read_csv(\"Solo_MexBR.csv\")\n",
    "mxus=pd.read_csv(\"Solo_MexUS.csv\")\n",
    "\n",
    "mx.head()"
   ]
  },
  {
   "cell_type": "markdown",
   "metadata": {},
   "source": [
    "Se recuperó la información de los archivos que habíamos generado para la limpieza de datos de el avnce 1 del proyecto. Teniendo así las tablas correspondientes a cada caso que analizaremos. \n",
    "\n",
    "# Estadística Básica de los datos\n",
    "se obtendrá información de los datos usando algunas funciones de estadítica básica de python."
   ]
  },
  {
   "cell_type": "code",
   "execution_count": 3,
   "metadata": {},
   "outputs": [
    {
     "data": {
      "text/plain": [
       "442"
      ]
     },
     "execution_count": 3,
     "metadata": {},
     "output_type": "execute_result"
    }
   ],
   "source": [
    "mx['gana'].sum()"
   ]
  },
  {
   "cell_type": "code",
   "execution_count": 4,
   "metadata": {},
   "outputs": [
    {
     "data": {
      "text/plain": [
       "(873, 14)"
      ]
     },
     "execution_count": 4,
     "metadata": {},
     "output_type": "execute_result"
    }
   ],
   "source": [
    "mx.shape"
   ]
  },
  {
   "cell_type": "code",
   "execution_count": 5,
   "metadata": {},
   "outputs": [
    {
     "data": {
      "text/plain": [
       "(515, 14)"
      ]
     },
     "execution_count": 5,
     "metadata": {},
     "output_type": "execute_result"
    }
   ],
   "source": [
    "mxloc=mx[mx['local']=='Mexico']\n",
    "mxloc.shape"
   ]
  },
  {
   "cell_type": "code",
   "execution_count": 6,
   "metadata": {},
   "outputs": [
    {
     "data": {
      "text/plain": [
       "303"
      ]
     },
     "execution_count": 6,
     "metadata": {},
     "output_type": "execute_result"
    }
   ],
   "source": [
    "mxloc[\"gana\"].sum()"
   ]
  },
  {
   "cell_type": "code",
   "execution_count": 7,
   "metadata": {},
   "outputs": [
    {
     "data": {
      "text/plain": [
       "(358, 14)"
      ]
     },
     "execution_count": 7,
     "metadata": {},
     "output_type": "execute_result"
    }
   ],
   "source": [
    "mxvst=mx[mx['visita']=='Mexico']\n",
    "mxvst.shape"
   ]
  },
  {
   "cell_type": "code",
   "execution_count": 8,
   "metadata": {},
   "outputs": [
    {
     "data": {
      "text/plain": [
       "139"
      ]
     },
     "execution_count": 8,
     "metadata": {},
     "output_type": "execute_result"
    }
   ],
   "source": [
    "mxvst[\"gana\"].sum()"
   ]
  },
  {
   "cell_type": "markdown",
   "metadata": {},
   "source": [
    "Facilmente usando la funcion sum() y shape() pudimos contar el numero de partidos que México ganó como local que es 303 victorias de 515 partidos jugados y como visitante ganó solamente 139 partidos de 358 jugados."
   ]
  },
  {
   "cell_type": "code",
   "execution_count": 9,
   "metadata": {},
   "outputs": [
    {
     "data": {
      "text/plain": [
       "2.0"
      ]
     },
     "execution_count": 9,
     "metadata": {},
     "output_type": "execute_result"
    }
   ],
   "source": [
    "mxloc[\"gol_home\"].mean()"
   ]
  },
  {
   "cell_type": "code",
   "execution_count": 10,
   "metadata": {},
   "outputs": [
    {
     "data": {
      "text/plain": [
       "1.3743016759776536"
      ]
     },
     "execution_count": 10,
     "metadata": {},
     "output_type": "execute_result"
    }
   ],
   "source": [
    "mxvst[\"gol_away\"].mean()"
   ]
  },
  {
   "cell_type": "code",
   "execution_count": 11,
   "metadata": {},
   "outputs": [
    {
     "data": {
      "text/plain": [
       "0.3128491620111732"
      ]
     },
     "execution_count": 11,
     "metadata": {},
     "output_type": "execute_result"
    }
   ],
   "source": [
    "1-(mxvst[\"gol_away\"].mean()/mxloc[\"gol_home\"].mean())"
   ]
  },
  {
   "cell_type": "markdown",
   "metadata": {},
   "source": [
    "Usando la función mean() también obtenemos otro dato interesante, la media de goles anotados por México como Local es de 2 y la media de goles anotados como visitante es de 1.3743. Siendo la media de goles de visitante un 31% menor a la de goles como local, aproximadamente."
   ]
  },
  {
   "cell_type": "code",
   "execution_count": 53,
   "metadata": {},
   "outputs": [
    {
     "data": {
      "text/plain": [
       "1        1\n",
       "2        2\n",
       "3        2\n",
       "4        3\n",
       "5        4\n",
       "      ... \n",
       "869    438\n",
       "870    439\n",
       "871    440\n",
       "872    441\n",
       "873    442\n",
       "Name: gana, Length: 873, dtype: int64"
      ]
     },
     "execution_count": 53,
     "metadata": {},
     "output_type": "execute_result"
    }
   ],
   "source": [
    "mx.index = mx.index + 1 # por efectos practicos reescribimos el indice para empezar a contar desde 1\n",
    "mx['gana'].cumsum()"
   ]
  },
  {
   "cell_type": "markdown",
   "metadata": {},
   "source": [
    "Con ayuda de la función cumsum se puede generar una tabla interesante que muestra las victorias que México lleva acumuladas y el numero de partidos disputados. Con una tabla como esta se podría usar para observar como ha evolucionado la proporación de victorias de México a lo largo de todos los partidos que ha disputado. Se observa que para su partido número 5 habían ganado 4 y para su partido 870 habían ganado 439. "
   ]
  },
  {
   "cell_type": "code",
   "execution_count": 13,
   "metadata": {},
   "outputs": [
    {
     "data": {
      "text/plain": [
       "count    515.000000\n",
       "mean       2.000000\n",
       "std        1.800346\n",
       "min        0.000000\n",
       "25%        1.000000\n",
       "50%        2.000000\n",
       "75%        3.000000\n",
       "max        9.000000\n",
       "Name: gol_home, dtype: float64"
      ]
     },
     "execution_count": 13,
     "metadata": {},
     "output_type": "execute_result"
    }
   ],
   "source": [
    "mxloc['gol_home'].describe()"
   ]
  },
  {
   "cell_type": "code",
   "execution_count": 14,
   "metadata": {},
   "outputs": [
    {
     "data": {
      "text/plain": [
       "count    358.000000\n",
       "mean       1.374302\n",
       "std        1.410091\n",
       "min        0.000000\n",
       "25%        0.000000\n",
       "50%        1.000000\n",
       "75%        2.000000\n",
       "max       10.000000\n",
       "Name: gol_away, dtype: float64"
      ]
     },
     "execution_count": 14,
     "metadata": {},
     "output_type": "execute_result"
    }
   ],
   "source": [
    "mxvst['gol_away'].describe()"
   ]
  },
  {
   "cell_type": "markdown",
   "metadata": {},
   "source": [
    "Aqui se usa la función describe() y con ella podemos comparar distintas estadísticas sobre el número de goles anotado por México tanto de Local como de visita. \n",
    "\n",
    "A continuación usa veremos otras funciones estadísticas que pueden servir. Se aplicarán sobre los goles en contra que ha recibido México como local."
   ]
  },
  {
   "cell_type": "code",
   "execution_count": 15,
   "metadata": {},
   "outputs": [
    {
     "data": {
      "text/plain": [
       "515"
      ]
     },
     "execution_count": 15,
     "metadata": {},
     "output_type": "execute_result"
    }
   ],
   "source": [
    "mxloc['gol_away'].count()"
   ]
  },
  {
   "cell_type": "code",
   "execution_count": 16,
   "metadata": {},
   "outputs": [
    {
     "data": {
      "text/plain": [
       "0"
      ]
     },
     "execution_count": 16,
     "metadata": {},
     "output_type": "execute_result"
    }
   ],
   "source": [
    "mxloc['gol_away'].min()"
   ]
  },
  {
   "cell_type": "code",
   "execution_count": 17,
   "metadata": {},
   "outputs": [
    {
     "data": {
      "text/plain": [
       "7"
      ]
     },
     "execution_count": 17,
     "metadata": {},
     "output_type": "execute_result"
    }
   ],
   "source": [
    "mxloc['gol_away'].max()"
   ]
  },
  {
   "cell_type": "code",
   "execution_count": 18,
   "metadata": {},
   "outputs": [
    {
     "data": {
      "text/plain": [
       "1.0"
      ]
     },
     "execution_count": 18,
     "metadata": {},
     "output_type": "execute_result"
    }
   ],
   "source": [
    "mxloc['gol_away'].median()"
   ]
  },
  {
   "cell_type": "code",
   "execution_count": 19,
   "metadata": {},
   "outputs": [
    {
     "data": {
      "text/plain": [
       "1.1718635487892393"
      ]
     },
     "execution_count": 19,
     "metadata": {},
     "output_type": "execute_result"
    }
   ],
   "source": [
    "mxloc['gol_away'].var()\n"
   ]
  },
  {
   "cell_type": "code",
   "execution_count": 20,
   "metadata": {},
   "outputs": [
    {
     "data": {
      "text/plain": [
       "1.0825264656299352"
      ]
     },
     "execution_count": 20,
     "metadata": {},
     "output_type": "execute_result"
    }
   ],
   "source": [
    "mxloc['gol_away'].std()\n"
   ]
  },
  {
   "cell_type": "code",
   "execution_count": 21,
   "metadata": {},
   "outputs": [
    {
     "data": {
      "text/plain": [
       "1.5571216566907984"
      ]
     },
     "execution_count": 21,
     "metadata": {},
     "output_type": "execute_result"
    }
   ],
   "source": [
    "mxloc['gol_away'].skew()"
   ]
  },
  {
   "cell_type": "code",
   "execution_count": 22,
   "metadata": {},
   "outputs": [
    {
     "data": {
      "text/plain": [
       "3.2764702888463377"
      ]
     },
     "execution_count": 22,
     "metadata": {},
     "output_type": "execute_result"
    }
   ],
   "source": [
    "mxloc['gol_away'].kurt()"
   ]
  },
  {
   "cell_type": "code",
   "execution_count": 23,
   "metadata": {},
   "outputs": [
    {
     "data": {
      "text/plain": [
       "466"
      ]
     },
     "execution_count": 23,
     "metadata": {},
     "output_type": "execute_result"
    }
   ],
   "source": [
    "mxloc['gol_away'].sum()"
   ]
  },
  {
   "cell_type": "code",
   "execution_count": 24,
   "metadata": {},
   "outputs": [
    {
     "data": {
      "text/plain": [
       "0.9048543689320389"
      ]
     },
     "execution_count": 24,
     "metadata": {},
     "output_type": "execute_result"
    }
   ],
   "source": [
    "mxloc['gol_away'].mean()"
   ]
  },
  {
   "cell_type": "code",
   "execution_count": 25,
   "metadata": {},
   "outputs": [
    {
     "data": {
      "text/html": [
       "<div>\n",
       "<style scoped>\n",
       "    .dataframe tbody tr th:only-of-type {\n",
       "        vertical-align: middle;\n",
       "    }\n",
       "\n",
       "    .dataframe tbody tr th {\n",
       "        vertical-align: top;\n",
       "    }\n",
       "\n",
       "    .dataframe thead th {\n",
       "        text-align: right;\n",
       "    }\n",
       "</style>\n",
       "<table border=\"1\" class=\"dataframe\">\n",
       "  <thead>\n",
       "    <tr style=\"text-align: right;\">\n",
       "      <th></th>\n",
       "      <th>gol_home</th>\n",
       "      <th>gol_away</th>\n",
       "      <th>df</th>\n",
       "      <th>vic</th>\n",
       "      <th>gana</th>\n",
       "      <th>pierde</th>\n",
       "      <th>empata</th>\n",
       "    </tr>\n",
       "  </thead>\n",
       "  <tbody>\n",
       "    <tr>\n",
       "      <th>gol_home</th>\n",
       "      <td>2.733212</td>\n",
       "      <td>-0.318051</td>\n",
       "      <td>3.051263</td>\n",
       "      <td>-0.400324</td>\n",
       "      <td>0.211045</td>\n",
       "      <td>-0.021765</td>\n",
       "      <td>-0.189279</td>\n",
       "    </tr>\n",
       "    <tr>\n",
       "      <th>gol_away</th>\n",
       "      <td>-0.318051</td>\n",
       "      <td>1.558170</td>\n",
       "      <td>-1.876220</td>\n",
       "      <td>-0.041898</td>\n",
       "      <td>-0.003481</td>\n",
       "      <td>0.048860</td>\n",
       "      <td>-0.045379</td>\n",
       "    </tr>\n",
       "    <tr>\n",
       "      <th>df</th>\n",
       "      <td>3.051263</td>\n",
       "      <td>-1.876220</td>\n",
       "      <td>4.927483</td>\n",
       "      <td>-0.358426</td>\n",
       "      <td>0.214526</td>\n",
       "      <td>-0.070625</td>\n",
       "      <td>-0.143900</td>\n",
       "    </tr>\n",
       "    <tr>\n",
       "      <th>vic</th>\n",
       "      <td>-0.400324</td>\n",
       "      <td>-0.041898</td>\n",
       "      <td>-0.358426</td>\n",
       "      <td>0.661089</td>\n",
       "      <td>-0.366951</td>\n",
       "      <td>0.072814</td>\n",
       "      <td>0.294138</td>\n",
       "    </tr>\n",
       "    <tr>\n",
       "      <th>gana</th>\n",
       "      <td>0.211045</td>\n",
       "      <td>-0.003481</td>\n",
       "      <td>0.214526</td>\n",
       "      <td>-0.366951</td>\n",
       "      <td>0.250247</td>\n",
       "      <td>-0.133542</td>\n",
       "      <td>-0.116704</td>\n",
       "    </tr>\n",
       "    <tr>\n",
       "      <th>pierde</th>\n",
       "      <td>-0.021765</td>\n",
       "      <td>0.048860</td>\n",
       "      <td>-0.070625</td>\n",
       "      <td>0.072814</td>\n",
       "      <td>-0.133542</td>\n",
       "      <td>0.194271</td>\n",
       "      <td>-0.060729</td>\n",
       "    </tr>\n",
       "    <tr>\n",
       "      <th>empata</th>\n",
       "      <td>-0.189279</td>\n",
       "      <td>-0.045379</td>\n",
       "      <td>-0.143900</td>\n",
       "      <td>0.294138</td>\n",
       "      <td>-0.116704</td>\n",
       "      <td>-0.060729</td>\n",
       "      <td>0.177433</td>\n",
       "    </tr>\n",
       "  </tbody>\n",
       "</table>\n",
       "</div>"
      ],
      "text/plain": [
       "          gol_home  gol_away        df       vic      gana    pierde    empata\n",
       "gol_home  2.733212 -0.318051  3.051263 -0.400324  0.211045 -0.021765 -0.189279\n",
       "gol_away -0.318051  1.558170 -1.876220 -0.041898 -0.003481  0.048860 -0.045379\n",
       "df        3.051263 -1.876220  4.927483 -0.358426  0.214526 -0.070625 -0.143900\n",
       "vic      -0.400324 -0.041898 -0.358426  0.661089 -0.366951  0.072814  0.294138\n",
       "gana      0.211045 -0.003481  0.214526 -0.366951  0.250247 -0.133542 -0.116704\n",
       "pierde   -0.021765  0.048860 -0.070625  0.072814 -0.133542  0.194271 -0.060729\n",
       "empata   -0.189279 -0.045379 -0.143900  0.294138 -0.116704 -0.060729  0.177433"
      ]
     },
     "execution_count": 25,
     "metadata": {},
     "output_type": "execute_result"
    }
   ],
   "source": [
    "mx.cov()"
   ]
  },
  {
   "cell_type": "code",
   "execution_count": 26,
   "metadata": {},
   "outputs": [
    {
     "data": {
      "text/html": [
       "<div>\n",
       "<style scoped>\n",
       "    .dataframe tbody tr th:only-of-type {\n",
       "        vertical-align: middle;\n",
       "    }\n",
       "\n",
       "    .dataframe tbody tr th {\n",
       "        vertical-align: top;\n",
       "    }\n",
       "\n",
       "    .dataframe thead th {\n",
       "        text-align: right;\n",
       "    }\n",
       "</style>\n",
       "<table border=\"1\" class=\"dataframe\">\n",
       "  <thead>\n",
       "    <tr style=\"text-align: right;\">\n",
       "      <th></th>\n",
       "      <th>gol_home</th>\n",
       "      <th>gol_away</th>\n",
       "      <th>df</th>\n",
       "      <th>vic</th>\n",
       "      <th>gana</th>\n",
       "      <th>pierde</th>\n",
       "      <th>empata</th>\n",
       "    </tr>\n",
       "  </thead>\n",
       "  <tbody>\n",
       "    <tr>\n",
       "      <th>gol_home</th>\n",
       "      <td>1.000000</td>\n",
       "      <td>-0.154118</td>\n",
       "      <td>0.831439</td>\n",
       "      <td>-0.297814</td>\n",
       "      <td>0.255184</td>\n",
       "      <td>-0.029869</td>\n",
       "      <td>-0.271800</td>\n",
       "    </tr>\n",
       "    <tr>\n",
       "      <th>gol_away</th>\n",
       "      <td>-0.154118</td>\n",
       "      <td>1.000000</td>\n",
       "      <td>-0.677117</td>\n",
       "      <td>-0.041281</td>\n",
       "      <td>-0.005575</td>\n",
       "      <td>0.088806</td>\n",
       "      <td>-0.086304</td>\n",
       "    </tr>\n",
       "    <tr>\n",
       "      <th>df</th>\n",
       "      <td>0.831439</td>\n",
       "      <td>-0.677117</td>\n",
       "      <td>1.000000</td>\n",
       "      <td>-0.198590</td>\n",
       "      <td>0.193189</td>\n",
       "      <td>-0.072185</td>\n",
       "      <td>-0.153898</td>\n",
       "    </tr>\n",
       "    <tr>\n",
       "      <th>vic</th>\n",
       "      <td>-0.297814</td>\n",
       "      <td>-0.041281</td>\n",
       "      <td>-0.198590</td>\n",
       "      <td>1.000000</td>\n",
       "      <td>-0.902182</td>\n",
       "      <td>0.203180</td>\n",
       "      <td>0.858822</td>\n",
       "    </tr>\n",
       "    <tr>\n",
       "      <th>gana</th>\n",
       "      <td>0.255184</td>\n",
       "      <td>-0.005575</td>\n",
       "      <td>0.193189</td>\n",
       "      <td>-0.902182</td>\n",
       "      <td>1.000000</td>\n",
       "      <td>-0.605663</td>\n",
       "      <td>-0.553842</td>\n",
       "    </tr>\n",
       "    <tr>\n",
       "      <th>pierde</th>\n",
       "      <td>-0.029869</td>\n",
       "      <td>0.088806</td>\n",
       "      <td>-0.072185</td>\n",
       "      <td>0.203180</td>\n",
       "      <td>-0.605663</td>\n",
       "      <td>1.000000</td>\n",
       "      <td>-0.327093</td>\n",
       "    </tr>\n",
       "    <tr>\n",
       "      <th>empata</th>\n",
       "      <td>-0.271800</td>\n",
       "      <td>-0.086304</td>\n",
       "      <td>-0.153898</td>\n",
       "      <td>0.858822</td>\n",
       "      <td>-0.553842</td>\n",
       "      <td>-0.327093</td>\n",
       "      <td>1.000000</td>\n",
       "    </tr>\n",
       "  </tbody>\n",
       "</table>\n",
       "</div>"
      ],
      "text/plain": [
       "          gol_home  gol_away        df       vic      gana    pierde    empata\n",
       "gol_home  1.000000 -0.154118  0.831439 -0.297814  0.255184 -0.029869 -0.271800\n",
       "gol_away -0.154118  1.000000 -0.677117 -0.041281 -0.005575  0.088806 -0.086304\n",
       "df        0.831439 -0.677117  1.000000 -0.198590  0.193189 -0.072185 -0.153898\n",
       "vic      -0.297814 -0.041281 -0.198590  1.000000 -0.902182  0.203180  0.858822\n",
       "gana      0.255184 -0.005575  0.193189 -0.902182  1.000000 -0.605663 -0.553842\n",
       "pierde   -0.029869  0.088806 -0.072185  0.203180 -0.605663  1.000000 -0.327093\n",
       "empata   -0.271800 -0.086304 -0.153898  0.858822 -0.553842 -0.327093  1.000000"
      ]
     },
     "execution_count": 26,
     "metadata": {},
     "output_type": "execute_result"
    }
   ],
   "source": [
    "mx.corr()"
   ]
  },
  {
   "cell_type": "code",
   "execution_count": 27,
   "metadata": {},
   "outputs": [
    {
     "data": {
      "text/html": [
       "<div>\n",
       "<style scoped>\n",
       "    .dataframe tbody tr th:only-of-type {\n",
       "        vertical-align: middle;\n",
       "    }\n",
       "\n",
       "    .dataframe tbody tr th {\n",
       "        vertical-align: top;\n",
       "    }\n",
       "\n",
       "    .dataframe thead th {\n",
       "        text-align: right;\n",
       "    }\n",
       "</style>\n",
       "<table border=\"1\" class=\"dataframe\">\n",
       "  <thead>\n",
       "    <tr style=\"text-align: right;\">\n",
       "      <th></th>\n",
       "      <th>gana</th>\n",
       "    </tr>\n",
       "  </thead>\n",
       "  <tbody>\n",
       "    <tr>\n",
       "      <th>1</th>\n",
       "      <td>1</td>\n",
       "    </tr>\n",
       "    <tr>\n",
       "      <th>2</th>\n",
       "      <td>2</td>\n",
       "    </tr>\n",
       "    <tr>\n",
       "      <th>3</th>\n",
       "      <td>2</td>\n",
       "    </tr>\n",
       "    <tr>\n",
       "      <th>4</th>\n",
       "      <td>3</td>\n",
       "    </tr>\n",
       "    <tr>\n",
       "      <th>5</th>\n",
       "      <td>4</td>\n",
       "    </tr>\n",
       "    <tr>\n",
       "      <th>...</th>\n",
       "      <td>...</td>\n",
       "    </tr>\n",
       "    <tr>\n",
       "      <th>869</th>\n",
       "      <td>438</td>\n",
       "    </tr>\n",
       "    <tr>\n",
       "      <th>870</th>\n",
       "      <td>439</td>\n",
       "    </tr>\n",
       "    <tr>\n",
       "      <th>871</th>\n",
       "      <td>440</td>\n",
       "    </tr>\n",
       "    <tr>\n",
       "      <th>872</th>\n",
       "      <td>441</td>\n",
       "    </tr>\n",
       "    <tr>\n",
       "      <th>873</th>\n",
       "      <td>442</td>\n",
       "    </tr>\n",
       "  </tbody>\n",
       "</table>\n",
       "<p>873 rows × 1 columns</p>\n",
       "</div>"
      ],
      "text/plain": [
       "     gana\n",
       "1       1\n",
       "2       2\n",
       "3       2\n",
       "4       3\n",
       "5       4\n",
       "..    ...\n",
       "869   438\n",
       "870   439\n",
       "871   440\n",
       "872   441\n",
       "873   442\n",
       "\n",
       "[873 rows x 1 columns]"
      ]
     },
     "execution_count": 27,
     "metadata": {},
     "output_type": "execute_result"
    }
   ],
   "source": [
    "df=mx['gana'].cumsum()\n",
    "proba=pd.DataFrame(df)\n",
    "proba"
   ]
  },
  {
   "cell_type": "code",
   "execution_count": 28,
   "metadata": {},
   "outputs": [
    {
     "data": {
      "text/plain": [
       "1      1.000000\n",
       "2      1.000000\n",
       "3      0.666667\n",
       "4      0.750000\n",
       "5      0.800000\n",
       "         ...   \n",
       "869    0.504028\n",
       "870    0.504598\n",
       "871    0.505166\n",
       "872    0.505734\n",
       "873    0.506300\n",
       "Length: 873, dtype: float64"
      ]
     },
     "execution_count": 28,
     "metadata": {},
     "output_type": "execute_result"
    }
   ],
   "source": [
    "serie=proba['gana'] / proba.index\n",
    "serie.to_csv(\"probmex.csv\")\n",
    "serie"
   ]
  },
  {
   "cell_type": "markdown",
   "metadata": {},
   "source": [
    "# Gráficas de visualización de datos."
   ]
  },
  {
   "cell_type": "code",
   "execution_count": 29,
   "metadata": {},
   "outputs": [
    {
     "data": {
      "text/plain": [
       "<matplotlib.axes._subplots.AxesSubplot at 0x231e04c9820>"
      ]
     },
     "execution_count": 29,
     "metadata": {},
     "output_type": "execute_result"
    },
    {
     "data": {
